function fbulk = fsu(P1,P2,P3 )
dx0=1e-9;
e0=0;  T=25;           
dx=(1+e0)*dx0;
G11=dx^2*abs(4.124*(25-115)*1e5);



a1=4.124*(T-115)*1e5;a11=-1.950*1e9;a12=7.974*1e8;a111=1.294*1e9;a112=-1.950*1e9;a123=-2.5*1e9;
a1111=3.860*1e10;a1112=2.529*1e10;a1122=1.637*1e10;a1123=1.367*1e10;
fbulk=a1*(P1.^2+P2.^2+P3.^2)+a11*(P1.^4+P2.^4+P3.^4)+a12*(P1.^2.*P2.^2+P3.^2.*P2.^2+P1.^2.*P3.^2)+a111*(P1.^6+P2.^6+P3.^6)+...
    a112*(P1.^2.*(P2.^4+P3.^4)+P2.^2.*(P1.^4+P3.^4)+P3.^2.*(P2.^4+P1.^4))+a123*P1.^2.*P2.^2.*P3.^2+...
    a1111*(P1.^8+P2.^8+P3.^8)+a1112*(P1.^6.*(P2.^2+P3.^2)+P2.^6.*(P1.^2+P3.^2)+P3.^6.*(P2.^2+P1.^2))+...
    a1122*(P1.^4.*P2.^4+P3.^4.*P2.^4+P1.^4.*P3.^4)+a1123*(P1.^4.*P2.^2.*P3.^2+P1.^2.*P2.^4.*P3.^2+P1.^2.*P2.^2.*P3.^4);

end