fwall=0.5*G11*(P11.^2+P12.^2+P13.^2+P21.^2+P22.^2+P23.^2+P31.^2+P32.^2+P33.^2);