P1=ones(128,128,36);
P2=ones(128,128,36);
P3=ones(128,128,36);
Q11=0.1;
Q12=-0.034;
Q44=0.029;
Q44=Q44*2;
yibu011=Q11*P1.^2+Q12*(P2.^2+P3.^2);
yibu022=Q11*P2.^2+Q12*(P1.^2+P3.^2);
yibu033=Q11*P3.^2+Q12*(P2.^2+P1.^2);
yibu023=Q44*P2.*P3;
yibu013=Q44*P1.*P3;
yibu012=Q44*P1.*P2;